2347,27,58,31
211,5,29,24
211,35,36,1
1453,38,41,3
1987,20,25,5
1987,28,44,16
769,13,50,37
769,57,58,1
1453,1,39,38
1249,41,43,2
1249,55,57,2
2039,1,36,35
2039,48,55,7
877,14,43,29
877,46,59,13
1217,13,47,34
809,40,49,9
2039,37,38,1
2039,56,59,3
1217,8,56,48
661,11,53,42
1249,34,37,3
1249,49,56,7
3541,12,26,14
3541,35,37,2
2039,33,55,22
661,38,49,11
3541,16,52,36
769,29,47,18
769,50,51,1
2039,29,50,21
769,42,55,13
1013,53,59,6
349,10,53,43
349,56,59,3
661,5,56,51
2039,53,58,5
1733,21,35,14
509,9,29,20
509,39,58,19
1249,18,50,32
877,4,46,42
877,50,57,7
1249,38,57,19
2039,17,36,19
2039,53,59,6
2039,41,46,5
2039,49,59,10
2039,4,35,31
2039,46,56,10
769,4,52,48
1013,37,52,15
769,19,20,1
769,48,58,10
877,1,35,34
877,39,55,16
661,12,50,38
1217,17,54,37
1217,57,59,2
1987,22,25,3
1987,36,56,20
233,4,28,24
233,35,52,17
1733,18,45,27
2347,37,43,6
2347,47,58,11
809,9,35,26
809,40,47,7
877,1,6,5
877,22,29,7
877,35,50,15
349,28,43,15
1249,4,50,46
1249,53,55,2
1733,32,41,9
509,29,31,2
509,47,49,2
509,56,58,2
509,14,20,6
509,39,43,4
509,48,56,8
661,22,38,16
211,37,53,16
1733,20,50,30
769,21,47,26
769,54,57,3
1453,6,23,17
1453,33,42,9
1217,9,27,18
1217,30,37,7
1013,46,51,5
233,19,59,40
233,15,27,12
233,39,44,5
233,48,57,9
2663,14,49,35
1733,8,43,35
1987,6,43,37
661,2,17,15
661,23,34,11
661,37,48,11
211,13,53,40
509,24,25,1
509,39,47,8
509,50,58,8
2039,32,52,20
2347,13,37,24
2347,52,56,4
211,33,48,15
1987,13,30,17
1987,38,57,19
769,41,53,12
1217,23,41,18
1217,47,58,11
1987,30,36,6
1987,43,46,3
1987,54,59,5
1013,17,33,16
1013,42,51,9
2347,42,59,17
1733,11,14,3
1733,40,47,7
509,21,39,18
509,42,50,8
1733,25,44,19
769,40,47,7
2347,46,56,10
349,29,41,12
349,50,53,3
191,41,43,2
191,47,55,8
191,21,37,16
1217,24,54,30
1013,27,49,22
1249,43,52,9
349,5,46,41
349,51,52,1
2663,1,24,23
2663,38,50,12
2663,57,58,1
211,0,43,43
349,30,38,8
2347,52,59,7
2039,5,52,47
349,9,33,24
349,35,42,7
191,10,51,41
1987,9,36,27
1987,8,30,22
1987,38,45,7
1733,0,10,10
1733,13,34,21
1733,38,44,6
233,37,45,8
233,51,58,7
349,24,32,8
877,27,30,3
877,53,55,2
1249,31,44,13
1249,53,55,2
2039,10,47,37
211,18,30,12
211,34,55,21
1987,4,31,27
1987,48,49,1
1987,56,59,3
509,14,32,18
509,46,51,5
1013,15,30,15
1013,33,44,11
1013,31,56,25
1013,30,56,26
809,33,50,17
211,15,47,32
211,56,57,1
1733,35,40,5
1733,55,56,1
877,18,21,3
877,37,55,18
1987,3,44,41
2039,40,41,1
2039,47,59,12
1867,27,33,6
2663,11,36,25
2347,44,51,7
1013,14,17,3
1217,16,37,21
1217,47,50,3
1249,48,58,10
3541,1,37,36
661,22,51,29
509,36,58,22
1867,11,58,47
1733,7,40,33
661,40,54,14
1013,41,57,16
877,3,12,9
2663,2,12,10
211,15,53,38
809,47,56,9
809,43,55,12
191,12,36,24
191,53,55,2
1249,16,55,39
349,24,37,13
349,49,53,4
1249,54,58,4
769,15,18,3
2039,9,37,28
2039,51,56,5
809,39,51,12
2347,9,10,1
2347,48,57,9
2039,16,56,40
211,37,50,13
211,55,58,3
509,6,43,37
661,14,27,13
661,49,59,10
509,4,58,54
2347,23,29,6
2347,33,51,18
211,41,42,1
1733,10,29,19
1733,36,59,23
1867,6,11,5
1867,42,53,11
2347,27,57,30
509,27,57,30
1217,7,12,5
1217,28,30,2
1217,35,39,4
1217,46,54,8
1867,42,57,15
509,11,52,41
877,7,19,12
877,29,37,8
877,46,56,10
2347,31,59,28
211,36,53,17
661,23,43,20
1217,26,41,15
1217,47,49,2
1217,54,56,2
809,2,47,45
661,6,18,12
661,24,48,24
877,28,44,16
877,54,59,5
211,25,49,24
211,18,40,22
211,43,44,1
211,52,56,4
2347,30,35,5
2347,55,57,2
877,6,52,46
1453,11,50,39
2663,53,57,4
661,28,48,20
233,48,55,7
1733,14,26,12
1733,40,57,17
769,38,55,17
1733,8,54,46
211,19,37,18
211,43,48,5
1987,21,43,22
1987,46,52,6
1987,55,57,2
349,8,28,20
349,43,55,12
1453,10,56,46
1249,35,55,20
1217,19,47,28
211,7,29,22
211,42,46,4
2039,47,51,4
1217,5,18,13
1217,35,59,24
1867,13,31,18
191,28,49,21
509,10,41,31
509,10,37,27
509,42,57,15
2347,13,52,39
809,0,53,53
1867,39,59,20
1249,19,53,34
1249,56,57,1
211,22,23,1
211,44,47,3
1733,2,23,21
1453,25,42,17
2347,1,44,43
2347,52,57,5
1013,14,29,15
1013,34,56,22
809,23,56,33
349,28,51,23
1249,28,57,29
1217,8,28,20
191,26,42,16
809,11,57,46
2039,23,55,32
661,19,30,11
661,38,57,19
1987,23,56,33
509,5,6,1
509,15,38,23
509,43,48,5
2663,17,27,10
2663,33,49,16
2663,56,58,2
661,28,46,18
661,49,54,5
3541,10,37,27
1867,41,49,8
1867,54,58,4
2347,28,49,21
1217,22,28,6
1217,32,58,26
1987,22,30,8
1987,42,57,15
2347,23,48,25
2347,51,53,2
2039,39,50,11
2663,27,45,18
1987,42,48,6
1987,55,59,4
3541,12,25,13
3541,48,50,2
1867,44,48,4
191,34,41,7
769,17,35,18
769,48,51,3
233,35,58,23
877,2,42,40
877,45,57,12
1453,9,15,6
1453,38,56,18
877,10,38,28
2039,18,25,7
2039,42,53,11
2039,56,57,1
809,46,47,1
1733,34,39,5
1733,42,50,8
2039,20,58,38
349,3,47,44
349,50,58,8
191,33,50,17
349,27,52,25
1733,34,49,15
1867,13,28,15
1867,45,47,2
1867,56,57,1
661,36,52,16
809,1,10,9
809,37,48,11
1867,4,31,27
1217,7,30,23
1217,36,37,1
1217,52,57,5
1733,36,41,5
1733,57,58,1
3541,11,19,8
3541,30,32,2
1733,38,43,5
1733,52,55,3
809,31,34,3
809,41,42,1
809,47,55,8
3541,26,53,27
1733,37,42,5
1733,46,48,2
1733,56,59,3
1013,21,36,15
1013,46,48,2
1453,56,58,2
1733,15,30,15
1733,36,49,13
2347,13,32,19
2347,51,55,4
1013,36,44,8
877,11,26,15
877,44,58,14
349,12,43,31
349,50,55,5
1733,24,39,15
769,48,57,9
1867,0,57,57
349,0,10,10
349,44,49,5
349,15,33,18
349,13,25,12
349,30,58,28
1987,5,55,50
509,0,29,29
509,48,49,1
3541,9,18,9
3541,21,48,27
211,23,34,11
211,43,54,11
1987,1,25,24
3541,46,55,9
2663,28,49,21
2663,56,57,1
